170.36000
170.06000
170.25000
169.97000
170.14320
170.09000
170.02000
170.25030
170.35000
170.50600
170.41590
170.56000
170.55000
170.75990
171.14000
170.98930
170.91000
170.88150
170.75000
170.54000
170.51000
170.74000
170.56000
170.69000
170.79200
170.69000
170.77000
170.84600
170.74870
170.74000
170.58000
170.54970
170.72000
170.65000
170.63000
170.65990
170.61000
170.65000
170.66620
170.48100
170.43000
170.58580
170.57840
170.35500
170.50000
170.37000
170.42000
170.46990
170.47000
170.53000
170.51000
170.47900
170.40000
170.37930
170.37000
170.27990
170.11800
170.15520
170.15400
170.24990
170.29000
170.33780
170.35000
170.33000
170.21000
170.20000
170.15000
170.16460
170.07000
170.11000
170.20000
170.24000
170.16570
170.20500
169.79000
169.67000
169.98480
170.15000
169.94000
170.48000
170.41500
170.29000
170.04140
170.17000
170.27000
170.24000
170.21000
170.17680
170.02560
169.73640
169.98600
169.96000
169.93860
169.98500
170.12000
170.07000
170.05000
169.94000
169.91000
169.80990
169.84000
169.70990
169.77000
169.73000
169.60000
169.80000
169.79000
169.94590
169.83700
169.83590
169.87000
169.77530
169.58000
169.69500
169.79500
169.78000
169.85000
169.86000
169.91500
169.96400
170.01000
170.01950
170.02420
170.14590
170.17000
170.16000
170.06440
170.00000
170.00330
170.06000
169.97000
170.01000
169.95500
169.98500
170.03000
169.98000
169.95000
169.92000
169.94000
170.00000
169.99000
170.02000
170.02420
170.03000
170.06500
170.08680
169.96010
169.98000
169.98000
169.98000
169.96000
169.95000
169.87000
170.00000
169.95000
169.98000
171.68000
171.93000
172.29000
172.58990
172.46000
172.85000
172.93700
172.98990
173.18000
173.40000
173.47800
173.56000
173.26000
173.29000
173.27160
173.20500
173.11000
173.27200
173.32000
173.34000
173.38000
173.28410
173.44000
173.44440
173.46510
173.49100
173.56000
173.50000
173.53000
173.52480
173.54420
173.40000
173.49990
173.38010
173.41000
173.25000
173.33990
173.28000
173.25930
173.20960
173.20990
173.17000
173.17000
172.96000
173.06000
173.04550
173.15810
173.13500
173.10440
173.14000
173.12000
173.12000
173.11000
173.11310
173.05000
172.85000
172.87000
172.92670
172.83000
172.85560
172.75000
172.90500
172.92000
172.92990
172.98000
172.96480
172.86000
172.86000
172.88000
172.75000
172.82000
172.82500
172.87400
172.87500
173.21100
173.00000
172.95500
173.14000
174.20000
173.86000
173.22950
173.21000
173.24480
173.36500
173.57000
173.81840
173.94000
173.76000
173.81500
173.95000
173.95000
174.08000
174.29670
174.51000
174.46000
174.49000
174.78000
174.96500
174.93000
174.85000
174.59000
174.41000
174.48660
174.26500
174.04000
173.95500
174.22000
174.28000
174.33590
174.36500
174.35000
174.13500
174.15650
174.13000
174.26000
174.29000
174.35000
174.31600
174.34000
174.27000
173.92000
174.05620
174.07000
174.02500
174.20000
174.26000
174.30990
174.32000
174.21000
174.25500
174.34000
174.33900
174.29010
174.24000
174.21500
174.34000
174.34000
174.29000
174.43730
174.50000
174.54210
174.61000
174.62000
174.49000
174.37030
174.39000
174.62000
174.58000
174.55650
174.53490
174.59000
174.71000
174.82000
174.76010
174.93100
174.96000
174.93000
175.28000
175.19000
175.25450
175.22500
175.20000
175.21500
175.01000
174.99500
175.01000
175.09000
175.14440
175.17000
175.06640
175.08000
175.02500
175.02000
175.06000
175.06000
175.24000
175.22050
175.07900
175.11000
175.03700
175.12630
175.22500
175.29500
175.28000
175.20550
175.14000
175.17000
175.13320
175.15360
175.15000
175.14000
175.08500
175.04000
175.03000
174.98000
174.96590
174.98990
174.96000
174.97000
174.10000
173.97000
174.46000
174.88000
174.81020
174.63000
174.77400
174.80990
174.77000
174.95500
174.76000
174.62340
174.56500
174.67000
174.74000
174.61000
174.46000
174.52000
174.36000
174.32920
173.97000
173.94000
173.75000
173.66000
173.80000
173.89000
173.82500
173.87000
174.08500
174.05000
174.02000
173.99850
174.05520
174.14000
174.23000
174.26000
174.28000
174.10000
173.96500
174.06000
174.19320
174.08000
174.15000
174.28000
174.28000
174.30000
174.37000
174.41000
174.34000
174.31000
174.34270
174.47660
174.42500
174.41000
174.26000
174.21000
174.07000
174.18630
174.09000
174.11000
174.12000
174.16500
174.12000
174.24000
174.20000
174.28330
174.24580
174.14410
174.12000
174.02990
174.07000
174.06000
174.07000
174.07640
174.09000
174.17000
174.03000
174.09000
174.59000
174.34720
174.73000
174.10000
174.03000
173.89000
173.79420
173.93000
173.90000
173.82550
173.89000
173.89000
174.06000
174.07000
173.86000
173.72500
173.52470
173.31000
173.18000
173.39000
173.25000
173.12000
172.97000
172.96000
172.84690
173.15600
173.09000
173.10100
173.05990
172.97500
172.97450
172.74580
172.67950
172.73000
172.92520
173.05000
173.30000
173.14000
173.05000
172.86000
172.88000
172.88000
173.10000
173.15000
173.07000
172.94010
172.86000
172.90770
172.99000
172.85000
172.84000
172.69000
172.49000
172.46340
172.15000
172.47000
172.52000
172.67530
172.72400
172.78000
172.85500
172.88000
172.96000
172.94000
172.97000
172.84040
172.82000
172.94990
173.11950
173.13260
173.15000
172.91000
172.92000
172.82560
172.91340
172.80480
172.94990
173.07000
172.40010
172.10000
172.62000
172.05000
172.09000
171.80200
171.21000
171.33440
170.95000
169.46000
169.31000
169.94000
169.74000
170.04000
169.91000
169.71000
169.27500
168.80000
169.01550
168.99160
169.50000
169.18500
168.99990
169.12000
169.20000
169.35000
168.64000
168.18000
167.98000
167.39000
167.43000
167.86930
167.87000
168.12000
168.48000
168.44000
168.56500
168.80930
168.98000
169.32700
168.73010
168.63000
168.42000
168.31000
168.94000
169.25500
169.22000
169.34460
169.03000
168.91000
168.94200
169.03000
168.52000
168.46980
168.65000
168.66000
168.82010
168.78500
168.91000
168.70000
168.62000
168.62500
168.90000
169.07000
169.30000
168.95000
168.95000
169.05000
168.69000
168.74000
168.99000
169.05000
169.42700
169.23000
169.08000
169.20000
169.44990
169.48000
169.99000
169.04000
169.85000
170.25000
169.98000
170.00000
170.66000
170.33000
170.29000
170.82000
170.85000
170.80000
171.00000
170.86010
170.78000
170.60500
170.59000
170.43000
170.77890
170.96000
171.15000
171.39500
170.97840
170.82550
170.91000
171.11500
170.86200
171.01000
170.86500
170.97000
170.79200
170.99000
170.97000
170.93000
171.23500
171.26000
171.22000
171.05000
171.24000
171.13000
171.06000
171.29420
171.41500
171.50000
171.67000
171.45000
171.53000
171.84000
171.79000
171.59000
171.46500
171.61200
171.63000
171.82000
171.83800
171.61000
171.80500
171.77000
171.75980
171.83000
171.85000
171.74000
171.82000
171.87000
171.86700
171.73350
171.53000
171.34000
171.51000
171.47000
171.45500
171.68000
171.65000
171.49500
171.92420
172.08000
172.03360
171.85000
170.39000
170.60000
170.19000
169.81500
170.03530
170.18500
170.51000
170.95100
170.73000
171.37150
171.26000
171.46000
171.15000
170.92000
171.05000
171.34000
171.26000
170.96000
171.35750
170.69000
170.03000
170.08500
169.53000
169.41000
169.51000
169.94400
169.69000
169.26750
169.96000
169.85750
170.09050
170.51000
170.19000
169.97000
169.97000
169.97000
169.65000
169.61000
170.03000
170.48000
170.23000
170.24000
170.45000
170.18010
170.43000
170.49000
170.46000
170.48500
170.77000
170.77000
170.49000
170.44000
170.37000
170.46000
170.66000
170.56000
170.76000
170.88500
170.81000
170.98000
170.81500
170.80000
170.60000
170.37000
170.39000
170.55700
170.57000
170.73920
170.64000
170.77000
170.82000
170.79000
170.92000
170.90500
171.14500
170.95000
171.09000
171.05000
172.06000
172.48040
172.49000
172.04000
172.16010
171.63000
171.20990
170.72860
171.24000
171.00010
171.52000
171.77000
171.42000
171.87000
171.40000
170.95000
170.70950
170.51000
170.38000
170.34000
170.68790
171.02000
171.23000
171.14000
171.00000
171.52000
171.38000
171.30000
171.29000
171.49000
171.52000
171.49000
172.11200
171.76000
171.29500
171.35000
171.27680
171.19000
171.23000
171.44490
171.42000
171.48000
171.64000
171.47000
171.61990
171.40980
171.36000
171.25000
171.21520
171.27270
171.37000
171.22010
171.33000
171.48000
171.32000
171.18510
171.13000
170.81010
170.84000
170.53000
170.54500
170.86000
170.75800
170.81000
170.87000
170.90000
170.83000
170.92000
170.72000
170.62000
170.79000
170.65000
170.39000
170.00000
170.20000
170.05540
169.95000
169.80000
169.36000
169.79000
169.62000
169.84000
169.50000
170.02000
170.25000
170.08340
170.11000
170.18000
170.32000
170.37000
170.57000
170.55000
170.87000
171.30000
170.74000
170.88420
171.06000
171.04550
171.19000
171.30000
171.42000
171.26000
171.15000
171.01000
171.08000
171.10500
171.12000
170.86280
170.74000
170.74000
170.89000
170.90500
170.67000
170.71000
170.85000
170.86000
170.88990
170.84000
170.80000
170.41000
170.47000
170.33000
170.58000
170.74000
170.98000
170.94000
170.90500
171.04420
171.00880
171.00000
170.92000
170.91250
170.81000
170.79000
170.42000
170.35000
170.08000
170.20210
170.01820
169.76000
169.89000
169.85000
169.72000
169.75260
170.04000
170.01750
170.22000
170.03060
170.12000
170.10000
169.96000
170.03000
170.00000
169.85000
169.65000
169.64000
168.36000
168.81500
168.68000
167.88000
168.70000
169.13000
168.98000
169.09840
168.62000
169.01000
168.99500
169.29190
168.95080
168.79000
169.03010
169.18000
169.00000
169.48010
169.37500
169.59000
169.72000
169.80000
169.92000
169.46840
169.58000
169.77000
169.75000
169.79800
169.51000
169.57010
169.70000
169.70000
169.77000
169.42000
169.58000
169.06000
169.13000
169.17000
169.46000
169.60000
169.42000
169.24000
169.34000
169.14000
169.31000
169.36000
169.38000
169.31000
169.50000
169.45000
169.54000
169.51000
169.53000
169.56000
169.94000
169.69000
169.63000
169.70900
169.57000
169.38000
169.39000
169.38000
169.34000
169.31000
169.34000
169.32000
169.26000
169.33000
169.35000
169.08000
169.02200
169.08000
169.05010
168.95000
169.03000
168.92000
169.02510
169.05000
